Vertex: 479
723
2231
4919

Vertex: 711
723
2231
3601

Vertex: 102
2231
4919
4921

Vertex: 61
723
882
968

Vertex: 43
723
2761
3601

Vertex: 34
723
882
2761

Vertex: 183
723
4918
4919

Vertex: 251
723
1169
4918

Vertex: 57
723
968
1169

Vertex: 72
882
968
3233

Vertex: 217
882
2761
3233

Vertex: 46
968
1169
3233

Vertex: 153
1169
4916
4918

Vertex: 34
1169
3233
3378

Vertex: 74
1169
3378
3451

Vertex: 297
1169
3451
4916

Vertex: 257
2231
3601
4922

Vertex: 259
3601
4922
4924

Vertex: 1
2231
4921
4922

Vertex: 1
4922
4923
4924

Vertex: 120
2761
3451
3601

Vertex: 78
2761
3233
3378

Vertex: 59
2761
3378
3451

Vertex: 156
3451
3601
4925

Vertex: 193
3451
4925
4927

Vertex: 169
3451
4916
4927

Vertex: 81
3601
4924
4925

Vertex: 2
4925
4926
4927

Vertex: 0
4919
4920
4921

Vertex: 0
4916
4917
4918

